6893544
6893545
6893546
6893547
6893548
6893550
6893551
6893552
6893553
6893554
6893555
6893556
6893557
6893558
6893559
6893560
6893561
6893562
6893563
6893564
6893566
6893567
6893568
6893569
6893570
6893571
6893572
6893573
6893574
6893575
6893576
6893577
6893578
6893580
6893581
6893582
6893583
6893584
6893585
6893587
6893588
6893589
6893590
6893591
6893592
6893594
6893595
6893596
6893597
6893598
6893599
6893600
6893601
6893602
6893603
6893604
6893605
6893607
6893608
6893609
6893610
6893611
6893612
6893613
6893614
6893615
6893616
6893618
6893620
6893621
6893622
6893623
6893624
6893625
6893626
6893627
6893628
6893629
6893630
6893631
6893632
6893633
6893634
6893635
6893636
6893637
6893638
6893640
6893641
6893642
6893643
6893645
6893646
6893648
6893649
6893650
6893651
6893652
6893654
6893655
6893656
6893657
6893658
6893659
6893660
6893661
6893663
6893665
6893666
6893667
6893668
6893669
6893670
6893671
6893672
6893673
6893674
6893675
6893677
6893678
6893679
6893680
6893681
6893682
6893683
6893687
6893688
6893689
6893691
6893693
6893695
6893697
6893698
6893699
6893701
6893702
6893703
6893704
6893705
6893706
6893707
6893708
6893709
6893710
6893711
6893712
6893713
6893715
6893716
6893718
6893719
6893720
6893721
6893722
6893723
6893724
6893725
6893726
6893727
6893728
6893729
6893730
6893731
6893732
6893733
6893734
6893735
6893736
6893737
6893738
6893738
6893739
6893740
6893741
6893742
6893743
6893744
6893746
6893747
6893748
6893749
6893751
6893752
6893755
6893756
6893757
6893759
6893760
6893761
6893762
6893763
6893766
6893767
6893768
6893769
6893770
6893772
6893774
6893776
6893777
6893778
6893781
6893782
6893783
6893784
6893785
6893786
6893787
6893788
6893789
6893790
6893792
6893793
6893549
6893565
6893579
6893586
6893593
6893606
6893617
6893619
6893639
6893644
6893647
6893653
6893662
6893664
6893676
6893692
6893694
6893714
6893717
6893745
6893753
6893773
6893791
