6893348
6893349
6893350
6893351
6893352
6893353
6893354
6893356
6893357
6893358
6893360
6893361
6893362
6893363
6893364
6893365
6893366
6893367
6893368
6893369
6893371
6893372
6893373
6893374
6893375
6893376
6893377
6893378
6893379
6893380
6893381
6893382
6893383
6893384
6893385
6893386
6893387
6893388
6893389
6893390
6893391
6893392
6893393
6893394
6893395
6893397
6893398
6893399
6893400
6893401
6893402
6893403
6893404
6893405
6893406
6893407
6893410
6893411
6893412
6893413
6893414
6893415
6893416
6893417
6893418
6893419
6893420
6893421
6893422
6893423
6893424
6893425
6893426
6893427
6893428
6893430
6893431
6893432
6893433
6893434
6893435
6893436
6893437
6893438
6893439
6893440
6893441
6893442
6893443
6893445
6893447
6893448
6893449
6893450
6893451
6893452
6893453
6893454
6893455
6893456
6893457
6893458
6893459
6893460
6893461
6893462
6893463
6893464
6893465
6893466
6893467
6893468
6893469
6893471
6893472
6893473
6893355
6893359
6893429
6893446
