6892442
6892443
6892444
6892445
6892446
6892447
6892448
6892449
6892450
6892451
6892452
6892454
6892456
6892457
6892458
6892459
6892460
6892461
6892463
6892464
6892465
6892466
6892467
6892468
6892469
6892470
6892471
6892472
6892473
6892474
6892475
6892476
6892477
6892478
6892479
6892480
6892481
6892482
6892483
6892484
6892485
6892487
6892488
6892489
6892490
6892491
6892492
6892493
6892494
6892495
6892496
6892497
6892498
6892499
6892500
6892501
6892502
6892503
6892504
6892505
6892506
6892507
6892508
6892509
6892510
6892511
6892512
6892513
6892514
6892515
6892516
6892517
6892518
6892519
6892520
6892521
6892522
6892523
6892525
6892526
6892527
6892528
6892529
6892530
6892531
6892532
6892533
6892534
6892535
6892536
6892537
6892538
6892539
6892540
6892541
6892453
6892455
6892462
6892486
6892524
